%YAML:1.0
---
R: !!opencv-matrix
   rows: 3
   cols: 3
   dt: d
   data: [ 9.2953492617254241e-01, -1.4227840708916104e-03,
       3.6873133405081504e-01, 9.4772489782694500e-04,
       9.9999847124105568e-01, 1.4694669338560081e-03,
       -3.6873286108363623e-01, -1.0164649719859352e-03,
       9.2953485354559817e-01 ]
T: !!opencv-matrix
   rows: 3
   cols: 1
   dt: d
   data: [ -2.9662148227542696e+02, 9.0764453470748374e-01,
       5.8125222348370627e+01 ]
R1: !!opencv-matrix
   rows: 3
   cols: 3
   dt: d
   data: [ 9.8308635452298332e-01, -4.2035711099237079e-03,
       1.8309437331779158e-01, 4.0250312709011367e-03,
       9.9999099267108149e-01, 1.3467367869186109e-03,
       -1.8309838523039818e-01, -5.8699798022365498e-04,
       9.8309441904599981e-01 ]
R2: !!opencv-matrix
   rows: 3
   cols: 3
   dt: d
   data: [ 9.8133171527743845e-01, -3.0028181414158348e-03,
       -1.9229936992577459e-01, 2.8152199418875665e-03,
       9.9999525753343410e-01, -1.2487783308292185e-03,
       1.9230220780666848e-01, 6.8410076036647908e-04,
       9.8133551493810245e-01 ]
P1: !!opencv-matrix
   rows: 3
   cols: 4
   dt: d
   data: [ 4.5996659855960224e+03, 0., 3.7458964538574219e+02, 0., 0.,
       4.5996659855960224e+03, 9.8480400085449219e+02, 0., 0., 0., 1.,
       0. ]
P2: !!opencv-matrix
   rows: 3
   cols: 4
   dt: d
   data: [ 4.5996659855960224e+03, 0., 2.2507879638671875e+03,
       -1.3903145301215742e+06, 0., 4.5996659855960224e+03,
       9.8480400085449219e+02, 0., 0., 0., 1., 0. ]
Q: !!opencv-matrix
   rows: 4
   cols: 4
   dt: d
   data: [ 1., 0., 0., -3.7458964538574219e+02, 0., 1., 0.,
       -9.8480400085449219e+02, 0., 0., 0., 4.5996659855960224e+03, 0.,
       0., 3.3083636011441314e-03, 6.2071462253918384e+00 ]
