%YAML:1.0
---
M1: !!opencv-matrix
   rows: 3
   cols: 3
   dt: d
   data: [ 4.6682951699085570e+03, 9.8059619053276093e-02,
       1.2933097264704654e+03, 0., 4.6678303769666163e+03,
       1.0117498279579752e+03, 0., 0., 1. ]
D1: !!opencv-matrix
   rows: 1
   cols: 5
   dt: d
   data: [ -1.1643682893215979e-01, 5.9994066009568381e-01,
       1.9804995896437896e-05, -9.5499800820352204e-04, 0. ]
M2: !!opencv-matrix
   rows: 3
   cols: 3
   dt: d
   data: [ 4.6618514586311358e+03, -4.4066872927736450e-01,
       1.2786961512036537e+03, 0., 4.6609655047965161e+03,
       9.5807477943315746e+02, 0., 0., 1. ]
D2: !!opencv-matrix
   rows: 1
   cols: 5
   dt: d
   data: [ -1.1097415391163054e-01, 5.4747894136356701e-01,
       8.6091091571490050e-04, 2.0014575720450570e-03, 0. ]
