%YAML:1.0
---
R: !!opencv-matrix
   rows: 3
   cols: 3
   dt: d
   data: [ 9.0784409514276276e-01, 4.7856294514372049e-03,
       4.1928057034063931e-01, -3.5318278934872859e-03,
       9.9998666977920647e-01, -3.7664911552997334e-03,
       -4.1929300626906368e-01, 1.9385599412199772e-03,
       9.0784889540011293e-01 ]
T: !!opencv-matrix
   rows: 3
   cols: 1
   dt: d
   data: [ -2.9240275300915721e+02, 9.0448740683070428e-01,
       6.2707262612069393e+01 ]
R1: !!opencv-matrix
   rows: 3
   cols: 3
   dt: d
   data: [ 9.7558802685466739e-01, 1.2482561019755095e-03,
       2.1960519965274211e-01, -9.4983434364393751e-04,
       9.9999847655693552e-01, -1.4644789271045177e-03,
       -2.1960669314148068e-01, 1.2201395461911785e-03,
       9.7558772623836909e-01 ]
R2: !!opencv-matrix
   rows: 3
   cols: 3
   dt: d
   data: [ 9.7776399652332524e-01, -3.0245105855013568e-03,
       -2.0968647891185813e-01, 3.3092931007540237e-03,
       9.9999401695480494e-01, 1.0072903090297691e-03,
       2.0968217778797568e-01, -1.6788062162005782e-03,
       9.7776815550915752e-01 ]
P1: !!opencv-matrix
   rows: 3
   cols: 4
   dt: d
   data: [ 3.4997670299906003e+03, 0., -9.1975749969482422e+01, 0., 0.,
       3.4997670299906003e+03, 5.6377412033081055e+02, 0., 0., 0., 1.,
       0. ]
P2: !!opencv-matrix
   rows: 3
   cols: 4
   dt: d
   data: [ 3.4997670299906003e+03, 0., 1.5156976909637451e+03,
       -1.0466140276167492e+06, 0., 3.4997670299906003e+03,
       5.6377412033081055e+02, 0., 0., 0., 1., 0. ]
Q: !!opencv-matrix
   rows: 4
   cols: 4
   dt: d
   data: [ 1., 0., 0., 9.1975749969482422e+01, 0., 1., 0.,
       -5.6377412033081055e+02, 0., 0., 0., 3.4997670299906003e+03, 0.,
       0., 3.3438946332106211e-03, 5.3758905910918715e+00 ]
