%YAML:1.0
---
M1: !!opencv-matrix
   rows: 3
   cols: 3
   dt: d
   data: [ 3.5243926882631140e+03, 5.3447353836319322e-02,
       7.3132476346462943e+02, 0., 3.5239941228422717e+03,
       5.6588804475054189e+02, 0., 0., 1. ]
D1: !!opencv-matrix
   rows: 1
   cols: 5
   dt: d
   data: [ -8.2541058610477780e-02, 2.9359286601283624e-01,
       -5.2926416588925827e-04, -4.0402544285453985e-05, 0. ]
M2: !!opencv-matrix
   rows: 3
   cols: 3
   dt: d
   data: [ 3.5190271854988850e+03, 4.2942144933862787e-02,
       7.3112488028281848e+02, 0., 3.5187754544103577e+03,
       5.5884159732195701e+02, 0., 0., 1. ]
D2: !!opencv-matrix
   rows: 1
   cols: 5
   dt: d
   data: [ -8.0984087169770583e-02, 3.2626887510751063e-01,
       7.7584321007309295e-04, -3.0658331367788640e-05, 0. ]
